   127  12.23045    .28200  10400044  140.9635   22.9278   19.8656
   514  12.91381    .42300  12550428     .1157   61.7263  123.4808
   209  12.26951    .28200  10432158     .0361    8.4094   69.3899
   271  12.68842    .35250     91375     .0663    3.6094   25.2950
   548  12.99388    .49350   2131433     .1386     .6384   78.6621
   314  12.54900    .35250  12469075     .1451   44.1327  115.9872
  1466  13.40586    .63450     27236  140.6160   53.3465   65.4476
    55  11.97313    .21150    100246     .0911   63.5528   60.7556
    27  11.66276    .21150  12353651  140.9790   42.3193  110.4559
    44  11.81954    .21150  10420688     .0447   38.5853    3.6592
